0.0003
0.00215054
0.00333333
0.00430108
0.00555556
0.00645161
0.00777778
0.00860215
0.01
0.0107527
0.0122222
0.0129032
0.0144444
0.0150538
0.0166667
0.0172043
0.0188889
0.0193548
0.0211111
0.0215054
0.0233333
0.0236559
0.0255556
0.0258065
0.0277778
0.027957
0.03
0.0301075
0.0322222
0.0322581
0.0344444
0.0344086
0.0366667
0.0365591
0.0388889
0.0387097
0.0411111
0.0408602
0.0433333
0.0430108
0.0455556
0.0451613
0.0477778
0.0473118
0.049
0.042
0.044
0.045
0.047
0.048
0.023
0.018
0.017
0.009
0.008
0.007
0.0087
0.0077
0.011
0.01
